# @package _global_
optimizer: 
  lr: 0.04743170811612632
strategy:
  opt_lr: 0.010650244075121492
  epsilon_fgsm: 0.07747199517969162
  beta_coef: 0.47669677430648427
  decay_factor_fgsm: 0.9788312036170835
  iter_fgsm: 5
